SN码:H100F1A-I01064681
FX:1188.6679792241
FY:1188.9311791082
CX:959.2325099713
CY:538.0854200370
K1:2.0781427910
K2:0.0140176737
P1:0.0000942696
P2:0.0000721883
K3:-0.0796475226
K4:2.5083553565
K5:0.7742102857
K6:-0.2115947998
RMS:0.0111
标定校验:null
是否写入: