SN码:H100F1A-I01064633
FX:1190.7499703344
FY:1190.8822236452
CX:962.3343093644
CY:538.4462820414
K1:-0.0540076998
K2:-0.4100470087
P1:0.0001670988
P2:-0.0000794469
K3:-0.0245987626
K4:0.3732731367
K5:-0.5453341664
K6:-0.1369472093
RMS:0.0111
标定校验:null
是否写入: