SN码:H100F1A-I01064695
FX:1191.1177371676
FY:1191.3182298905
CX:962.0533256668
CY:540.4246037440
K1:2.2195182611
K2:0.2493834890
P1:0.0001549414
P2:-0.0000169551
K3:-0.0502737662
K4:2.6502717636
K5:1.0711366577
K6:-0.0999294259
RMS:0.0105
标定校验:null
是否写入: