SN码:H100F1A-I01064661
FX:1191.8782505538
FY:1191.7666346664
CX:961.5400661704
CY:542.4985019942
K1:22.3807899264
K2:9.6447762442
P1:0.0000212457
P2:0.0000349512
K3:0.0918509749
K4:22.8153369936
K5:19.0758262789
K6:1.8778610404
RMS:0.0101
标定校验:null
是否写入: