SN码:H100F1A-I01064653
FX:1190.6889018561
FY:1190.8486005396
CX:962.4698410344
CY:539.1908064320
K1:0.0773742900
K2:-0.5329856743
P1:-0.0001585997
P2:-0.0000491832
K3:-0.0458820412
K4:0.5065580135
K5:-0.6180934097
K6:-0.2146189411
RMS:0.0107
标定校验:null
是否写入: